(kicad_pcb (version 20171130) (host pcbnew 5.0.2+dfsg1-1)

  (general
    (thickness 1.6)
    (drawings 7)
    (tracks 1786)
    (zones 0)
    (modules 146)
    (nets 80)
  )

  (page A4)
  (layers
    (0 F.Cu signal)
    (31 B.Cu signal hide)
    (32 B.Adhes user)
    (33 F.Adhes user)
    (34 B.Paste user)
    (35 F.Paste user)
    (36 B.SilkS user)
    (37 F.SilkS user)
    (38 B.Mask user)
    (39 F.Mask user)
    (40 Dwgs.User user)
    (41 Cmts.User user)
    (42 Eco1.User user)
    (43 Eco2.User user)
    (44 Edge.Cuts user)
    (45 Margin user)
    (46 B.CrtYd user)
    (47 F.CrtYd user)
    (48 B.Fab user)
    (49 F.Fab user)
  )

  (setup
    (last_trace_width 0.8)
    (user_trace_width 0.3)
    (user_trace_width 0.4)
    (user_trace_width 0.5)
    (user_trace_width 0.6)
    (user_trace_width 0.8)
    (trace_clearance 0.2)
    (zone_clearance 0.508)
    (zone_45_only no)
    (trace_min 0.2)
    (segment_width 0.2)
    (edge_width 0.15)
    (via_size 0.8)
    (via_drill 0.4)
    (via_min_size 0.4)
    (via_min_drill 0.3)
    (uvia_size 0.3)
    (uvia_drill 0.1)
    (uvias_allowed no)
    (uvia_min_size 0.2)
    (uvia_min_drill 0.1)
    (pcb_text_width 0.3)
    (pcb_text_size 1.5 1.5)
    (mod_edge_width 0.15)
    (mod_text_size 1 1)
    (mod_text_width 0.15)
    (pad_size 1.524 1.524)
    (pad_drill 0.762)
    (pad_to_mask_clearance 0.051)
    (solder_mask_min_width 0.25)
    (aux_axis_origin 0 0)
    (visible_elements FFFFFF7F)
    (pcbplotparams
      (layerselection 0x010c0_ffffffff)
      (usegerberextensions false)
      (usegerberattributes false)
      (usegerberadvancedattributes false)
      (creategerberjobfile false)
      (excludeedgelayer true)
      (linewidth 0.050000)
      (plotframeref false)
      (viasonmask false)
      (mode 1)
      (useauxorigin false)
      (hpglpennumber 1)
      (hpglpenspeed 20)
      (hpglpendiameter 15.000000)
      (psnegative false)
      (psa4output false)
      (plotreference true)
      (plotvalue true)
      (plotinvisibletext false)
      (padsonsilk false)
      (subtractmaskfromsilk false)
      (outputformat 1)
      (mirror false)
      (drillshape 0)
      (scaleselection 1)
      (outputdirectory ""))
  )

  (net 0 "")
  (net 1 -12V)
  (net 2 +12V)
  (net 3 GND)
  (net 4 +3.3VA)
  (net 5 5volts)
  (net 6 +3V3)
  (net 7 -10V)
  (net 8 "Net-(C26-Pad1)")
  (net 9 "Net-(C27-Pad1)")
  (net 10 "Net-(C28-Pad1)")
  (net 11 "Net-(C29-Pad1)")
  (net 12 "Net-(C30-Pad1)")
  (net 13 "Net-(C32-Pad1)")
  (net 14 ADC_EXC2)
  (net 15 "Net-(C40-Pad2)")
  (net 16 "Net-(C41-Pad2)")
  (net 17 ADC_EXC1)
  (net 18 "Net-(C42-Pad2)")
  (net 19 ADC_TRANS2)
  (net 20 "Net-(C43-Pad2)")
  (net 21 ADC_TRANS1)
  (net 22 ADC_MID2)
  (net 23 "Net-(C46-Pad2)")
  (net 24 ADC_MODE_MID)
  (net 25 ADC_MODE_EXC)
  (net 26 ADC_MID1)
  (net 27 "Net-(C49-Pad2)")
  (net 28 ADC_MODE_TRANS)
  (net 29 "Net-(C51-Pad1)")
  (net 30 "Net-(C52-Pad1)")
  (net 31 RIN)
  (net 32 LIN)
  (net 33 "Net-(C55-Pad2)")
  (net 34 LOUT)
  (net 35 ROUT)
  (net 36 "Net-(C56-Pad2)")
  (net 37 "Net-(C57-Pad1)")
  (net 38 "Net-(C57-Pad2)")
  (net 39 "Net-(C58-Pad1)")
  (net 40 "Net-(C58-Pad2)")
  (net 41 "Net-(D1-Pad1)")
  (net 42 "Net-(D2-Pad2)")
  (net 43 /micro/SWDIO)
  (net 44 /micro/SWCLK)
  (net 45 IO_OUTR)
  (net 46 IO_INR)
  (net 47 IO_OUTL)
  (net 48 IO_INL)
  (net 49 CV_EXC1)
  (net 50 CV_EXC2)
  (net 51 CV_MID1)
  (net 52 CV_MID2)
  (net 53 CV_TRANS1)
  (net 54 CV_TRANS2)
  (net 55 "Net-(R2-Pad1)")
  (net 56 /micro/SA1_SCK_B)
  (net 57 "Net-(R3-Pad2)")
  (net 58 "Net-(R4-Pad2)")
  (net 59 /micro/SA1_SD_B)
  (net 60 /micro/SA1_FS_B)
  (net 61 "Net-(R5-Pad2)")
  (net 62 "Net-(R6-Pad2)")
  (net 63 /micro/SA1_SD_A)
  (net 64 /micro/SA1_MCLK_B)
  (net 65 "Net-(R7-Pad1)")
  (net 66 "Net-(R8-Pad1)")
  (net 67 /micro/I2C2_SDA)
  (net 68 "Net-(R9-Pad1)")
  (net 69 "Net-(R30-Pad1)")
  (net 70 "Net-(R31-Pad1)")
  (net 71 "Net-(R32-Pad1)")
  (net 72 "Net-(R33-Pad1)")
  (net 73 ADC_EXCPOT2)
  (net 74 ADC_EXCPOT1)
  (net 75 ADC_MIDPOT2)
  (net 76 ADC_MIDPOT1)
  (net 77 ADC_TRANSPOT2)
  (net 78 ADC_TRANSPOT1)
  (net 79 /micro/VREF)

  (net_class Default "This is the default net class."
    (clearance 0.2)
    (trace_width 0.25)
    (via_dia 0.8)
    (via_drill 0.4)
    (uvia_dia 0.3)
    (uvia_drill 0.1)
    (add_net +12V)
    (add_net +3.3VA)
    (add_net +3V3)
    (add_net -10V)
    (add_net -12V)
    (add_net /micro/I2C2_SDA)
    (add_net /micro/SA1_FS_B)
    (add_net /micro/SA1_MCLK_B)
    (add_net /micro/SA1_SCK_B)
    (add_net /micro/SA1_SD_A)
    (add_net /micro/SA1_SD_B)
    (add_net /micro/SWCLK)
    (add_net /micro/SWDIO)
    (add_net /micro/VREF)
    (add_net 5volts)
    (add_net ADC_EXC1)
    (add_net ADC_EXC2)
    (add_net ADC_EXCPOT1)
    (add_net ADC_EXCPOT2)
    (add_net ADC_MID1)
    (add_net ADC_MID2)
    (add_net ADC_MIDPOT1)
    (add_net ADC_MIDPOT2)
    (add_net ADC_MODE_EXC)
    (add_net ADC_MODE_MID)
    (add_net ADC_MODE_TRANS)
    (add_net ADC_TRANS1)
    (add_net ADC_TRANS2)
    (add_net ADC_TRANSPOT1)
    (add_net ADC_TRANSPOT2)
    (add_net CV_EXC1)
    (add_net CV_EXC2)
    (add_net CV_MID1)
    (add_net CV_MID2)
    (add_net CV_TRANS1)
    (add_net CV_TRANS2)
    (add_net GND)
    (add_net IO_INL)
    (add_net IO_INR)
    (add_net IO_OUTL)
    (add_net IO_OUTR)
    (add_net LIN)
    (add_net LOUT)
    (add_net "Net-(C26-Pad1)")
    (add_net "Net-(C27-Pad1)")
    (add_net "Net-(C28-Pad1)")
    (add_net "Net-(C29-Pad1)")
    (add_net "Net-(C30-Pad1)")
    (add_net "Net-(C32-Pad1)")
    (add_net "Net-(C40-Pad2)")
    (add_net "Net-(C41-Pad2)")
    (add_net "Net-(C42-Pad2)")
    (add_net "Net-(C43-Pad2)")
    (add_net "Net-(C46-Pad2)")
    (add_net "Net-(C49-Pad2)")
    (add_net "Net-(C51-Pad1)")
    (add_net "Net-(C52-Pad1)")
    (add_net "Net-(C55-Pad2)")
    (add_net "Net-(C56-Pad2)")
    (add_net "Net-(C57-Pad1)")
    (add_net "Net-(C57-Pad2)")
    (add_net "Net-(C58-Pad1)")
    (add_net "Net-(C58-Pad2)")
    (add_net "Net-(D1-Pad1)")
    (add_net "Net-(D2-Pad2)")
    (add_net "Net-(R2-Pad1)")
    (add_net "Net-(R3-Pad2)")
    (add_net "Net-(R30-Pad1)")
    (add_net "Net-(R31-Pad1)")
    (add_net "Net-(R32-Pad1)")
    (add_net "Net-(R33-Pad1)")
    (add_net "Net-(R4-Pad2)")
    (add_net "Net-(R5-Pad2)")
    (add_net "Net-(R6-Pad2)")
    (add_net "Net-(R7-Pad1)")
    (add_net "Net-(R8-Pad1)")
    (add_net "Net-(R9-Pad1)")
    (add_net RIN)
    (add_net ROUT)
  )

  (module SMD_Packages:SMD-1206_Pol (layer B.Cu) (tedit 0) (tstamp 6036F04D)
    (at 77.659 125.89)
    (path /60214C77/5C3B7CD7)
    (attr smd)
    (fp_text reference C1 (at 0 0) (layer B.SilkS)
      (effects (font (size 1 1) (thickness 0.15)) (justify mirror))
    )
    (fp_text value 10uF (at 0 0) (layer B.Fab)
      (effects (font (size 1 1) (thickness 0.15)) (justify mirror))
    )
    (fp_line (start -2.54 1.143) (end -2.794 1.143) (layer B.SilkS) (width 0.15))
    (fp_line (start -2.794 1.143) (end -2.794 -1.143) (layer B.SilkS) (width 0.15))
    (fp_line (start -2.794 -1.143) (end -2.54 -1.143) (layer B.SilkS) (width 0.15))
    (fp_line (start -2.54 1.143) (end -2.54 -1.143) (layer B.SilkS) (width 0.15))
    (fp_line (start -2.54 -1.143) (end -0.889 -1.143) (layer B.SilkS) (width 0.15))
    (fp_line (start 0.889 1.143) (end 2.54 1.143) (layer B.SilkS) (width 0.15))
    (fp_line (start 2.54 1.143) (end 2.54 -1.143) (layer B.SilkS) (width 0.15))
    (fp_line (start 2.54 -1.143) (end 0.889 -1.143) (layer B.SilkS) (width 0.15))
    (fp_line (start -0.889 1.143) (end -2.54 1.143) (layer B.SilkS) (width 0.15))
    (pad 1 smd rect (at -1.651 0) (size 1.524 2.032) (layers B.Cu B.Paste B.Mask)
      (net 3 GND))
    (pad 2 smd rect (at 1.651 0) (size 1.524 2.032) (layers B.Cu B.Paste B.Mask)
      (net 1 -12V))
    (model SMD_Packages.3dshapes/SMD-1206_Pol.wrl
      (at (xyz 0 0 0))
      (scale (xyz 0.17 0.16 0.16))
      (rotate (xyz 0 0 0))
    )
  )

  (module SMD_Packages:SMD-1206_Pol (layer B.Cu) (tedit 0) (tstamp 6036F05C)
    (at 64.91 121.331 270)
    (path /60214C77/5C3B7C2F)
    (attr smd)
    (fp_text reference C2 (at 0 0 270) (layer B.SilkS)
      (effects (font (size 1 1) (thickness 0.15)) (justify mirror))
    )
    (fp_text value 10uF (at 0 0 270) (layer B.Fab)
      (effects (font (size 1 1) (thickness 0.15)) (justify mirror))
    )
    (fp_line (start -0.889 1.143) (end -2.54 1.143) (layer B.SilkS) (width 0.15))
    (fp_line (start 2.54 -1.143) (end 0.889 -1.143) (layer B.SilkS) (width 0.15))
    (fp_line (start 2.54 1.143) (end 2.54 -1.143) (layer B.SilkS) (width 0.15))
    (fp_line (start 0.889 1.143) (end 2.54 1.143) (layer B.SilkS) (width 0.15))
    (fp_line (start -2.54 -1.143) (end -0.889 -1.143) (layer B.SilkS) (width 0.15))
    (fp_line (start -2.54 1.143) (end -2.54 -1.143) (layer B.SilkS) (width 0.15))
    (fp_line (start -2.794 -1.143) (end -2.54 -1.143) (layer B.SilkS) (width 0.15))
    (fp_line (start -2.794 1.143) (end -2.794 -1.143) (layer B.SilkS) (width 0.15))
    (fp_line (start -2.54 1.143) (end -2.794 1.143) (layer B.SilkS) (width 0.15))
    (pad 2 smd rect (at 1.651 0 270) (size 1.524 2.032) (layers B.Cu B.Paste B.Mask)
      (net 3 GND))
    (pad 1 smd rect (at -1.651 0 270) (size 1.524 2.032) (layers B.Cu B.Paste B.Mask)
      (net 2 +12V))
    (model SMD_Packages.3dshapes/SMD-1206_Pol.wrl
      (at (xyz 0 0 0))
      (scale (xyz 0.17 0.16 0.16))
      (rotate (xyz 0 0 0))
    )
  )

  (module SMD_Packages:SMD-1206_Pol (layer B.Cu) (tedit 0) (tstamp 6036F06B)
    (at 91.379 104.33)
    (path /60214C77/5FF507C9)
    (attr smd)
    (fp_text reference C3 (at 0 0) (layer B.SilkS)
      (effects (font (size 1 1) (thickness 0.15)) (justify mirror))
    )
    (fp_text value 10uF (at -3.319 -2.63) (layer B.Fab)
      (effects (font (size 1 1) (thickness 0.15)) (justify mirror))
    )
    (fp_line (start -0.889 1.143) (end -2.54 1.143) (layer B.SilkS) (width 0.15))
    (fp_line (start 2.54 -1.143) (end 0.889 -1.143) (layer B.SilkS) (width 0.15))
    (fp_line (start 2.54 1.143) (end 2.54 -1.143) (layer B.SilkS) (width 0.15))
    (fp_line (start 0.889 1.143) (end 2.54 1.143) (layer B.SilkS) (width 0.15))
    (fp_line (start -2.54 -1.143) (end -0.889 -1.143) (layer B.SilkS) (width 0.15))
    (fp_line (start -2.54 1.143) (end -2.54 -1.143) (layer B.SilkS) (width 0.15))
    (fp_line (start -2.794 -1.143) (end -2.54 -1.143) (layer B.SilkS) (width 0.15))
    (fp_line (start -2.794 1.143) (end -2.794 -1.143) (layer B.SilkS) (width 0.15))
    (fp_line (start -2.54 1.143) (end -2.794 1.143) (layer B.SilkS) (width 0.15))
    (pad 2 smd rect (at 1.651 0) (size 1.524 2.032) (layers B.Cu B.Paste B.Mask)
      (net 3 GND))
    (pad 1 smd rect (at -1.651 0) (size 1.524 2.032) (layers B.Cu B.Paste B.Mask)
      (net 4 +3.3VA))
    (model SMD_Packages.3dshapes/SMD-1206_Pol.wrl
      (at (xyz 0 0 0))
      (scale (xyz 0.17 0.16 0.16))
      (rotate (xyz 0 0 0))
    )
  )

  (module Capacitors_SMD:C_0805 (layer B.Cu) (tedit 58AA8463) (tstamp 6036F07C)
    (at 91.17 111.72)
    (descr "Capacitor SMD 0805, reflow soldering, AVX (see smccp.pdf)")
    (tags "capacitor 0805")
    (path /60214C77/5FF509B6)
    (attr smd)
    (fp_text reference C4 (at 0 1.5) (layer B.SilkS)
      (effects (font (size 1 1) (thickness 0.15)) (justify mirror))
    )
    (fp_text value 100nF (at 0 -1.75) (layer B.Fab)
      (effects (font (size 1 1) (thickness 0.15)) (justify mirror))
    )
    (fp_line (start 1.75 -0.87) (end -1.75 -0.87) (layer B.CrtYd) (width 0.05))
    (fp_line (start 1.75 -0.87) (end 1.75 0.88) (layer B.CrtYd) (width 0.05))
    (fp_line (start -1.75 0.88) (end -1.75 -0.87) (layer B.CrtYd) (width 0.05))
    (fp_line (start -1.75 0.88) (end 1.75 0.88) (layer B.CrtYd) (width 0.05))
    (fp_line (start -0.5 -0.85) (end 0.5 -0.85) (layer B.SilkS) (width 0.12))
    (fp_line (start 0.5 0.85) (end -0.5 0.85) (layer B.SilkS) (width 0.12))
    (fp_line (start -1 0.62) (end 1 0.62) (layer B.Fab) (width 0.1))
    (fp_line (start 1 0.62) (end 1 -0.62) (layer B.Fab) (width 0.1))
    (fp_line (start 1 -0.62) (end -1 -0.62) (layer B.Fab) (width 0.1))
    (fp_line (start -1 -0.62) (end -1 0.62) (layer B.Fab) (width 0.1))
    (fp_text user %R (at 0 1.5) (layer B.Fab)
      (effects (font (size 1 1) (thickness 0.15)) (justify mirror))
    )
    (pad 2 smd rect (at 1 0) (size 1 1.25) (layers B.Cu B.Paste B.Mask)
      (net 3 GND))
    (pad 1 smd rect (at -1 0) (size 1 1.25) (layers B.Cu B.Paste B.Mask)
      (net 4 +3.3VA))
    (model Capacitors_SMD.3dshapes/C_0805.wrl
      (at (xyz 0 0 0))
      (scale (xyz 1 1 1))
      (rotate (xyz 0 0 0))
    )
  )

  (module SMD_Packages:SMD-1206_Pol (layer B.Cu) (tedit 0) (tstamp 6036F08B)
    (at 83.709 121.09)
    (path /60214C77/5E8A9739)
    (attr smd)
    (fp_text reference C5 (at 0 0) (layer B.SilkS)
      (effects (font (size 1 1) (thickness 0.15)) (justify mirror))
    )
    (fp_text value 10uF (at 0 0) (layer B.Fab)
      (effects (font (size 1 1) (thickness 0.15)) (justify mirror))
    )
    (fp_line (start -0.889 1.143) (end -2.54 1.143) (layer B.SilkS) (width 0.15))
    (fp_line (start 2.54 -1.143) (end 0.889 -1.143) (layer B.SilkS) (width 0.15))
    (fp_line (start 2.54 1.143) (end 2.54 -1.143) (layer B.SilkS) (width 0.15))
    (fp_line (start 0.889 1.143) (end 2.54 1.143) (layer B.SilkS) (width 0.15))
    (fp_line (start -2.54 -1.143) (end -0.889 -1.143) (layer B.SilkS) (width 0.15))
    (fp_line (start -2.54 1.143) (end -2.54 -1.143) (layer B.SilkS) (width 0.15))
    (fp_line (start -2.794 -1.143) (end -2.54 -1.143) (layer B.SilkS) (width 0.15))
    (fp_line (start -2.794 1.143) (end -2.794 -1.143) (layer B.SilkS) (width 0.15))
    (fp_line (start -2.54 1.143) (end -2.794 1.143) (layer B.SilkS) (width 0.15))
    (pad 2 smd rect (at 1.651 0) (size 1.524 2.032) (layers B.Cu B.Paste B.Mask)
      (net 3 GND))
    (pad 1 smd rect (at -1.651 0) (size 1.524 2.032) (layers B.Cu B.Paste B.Mask)
      (net 5 5volts))
    (model SMD_Packages.3dshapes/SMD-1206_Pol.wrl
      (at (xyz 0 0 0))
      (scale (xyz 0.17 0.16 0.16))
      (rotate (xyz 0 0 0))
    )
  )

  (module Capacitors_SMD:C_0805 (layer B.Cu) (tedit 58AA8463) (tstamp 6036F09C)
    (at 83.19 113.49)
    (descr "Capacitor SMD 0805, reflow soldering, AVX (see smccp.pdf)")
    (tags "capacitor 0805")
    (path /60214C77/5E8A97D7)
    (attr smd)
    (fp_text reference C6 (at 0 1.5) (layer B.SilkS)
      (effects (font (size 1 1) (thickness 0.15)) (justify mirror))
    )
    (fp_text value 100nF (at 0 -1.75) (layer B.Fab)
      (effects (font (size 1 1) (thickness 0.15)) (justify mirror))
    )
    (fp_line (start 1.75 -0.87) (end -1.75 -0.87) (layer B.CrtYd) (width 0.05))
    (fp_line (start 1.75 -0.87) (end 1.75 0.88) (layer B.CrtYd) (width 0.05))
    (fp_line (start -1.75 0.88) (end -1.75 -0.87) (layer B.CrtYd) (width 0.05))
    (fp_line (start -1.75 0.88) (end 1.75 0.88) (layer B.CrtYd) (width 0.05))
    (fp_line (start -0.5 -0.85) (end 0.5 -0.85) (layer B.SilkS) (width 0.12))
    (fp_line (start 0.5 0.85) (end -0.5 0.85) (layer B.SilkS) (width 0.12))
    (fp_line (start -1 0.62) (end 1 0.62) (layer B.Fab) (width 0.1))
    (fp_line (start 1 0.62) (end 1 -0.62) (layer B.Fab) (width 0.1))
    (fp_line (start 1 -0.62) (end -1 -0.62) (layer B.Fab) (width 0.1))
    (fp_line (start -1 -0.62) (end -1 0.62) (layer B.Fab) (width 0.1))
    (fp_text user %R (at 0 1.5) (layer B.Fab)
      (effects (font (size 1 1) (thickness 0.15)) (justify mirror))
    )
    (pad 2 smd rect (at 1 0) (size 1 1.25) (layers B.Cu B.Paste B.Mask)
      (net 3 GND))
    (pad 1 smd rect (at -1 0) (size 1 1.25) (layers B.Cu B.Paste B.Mask)
      (net 5 5volts))
    (model Capacitors_SMD.3dshapes/C_0805.wrl
      (at (xyz 0 0 0))
      (scale (xyz 1 1 1))
      (rotate (xyz 0 0 0))
    )
  )

  (module SMD_Packages:SMD-1206_Pol (layer B.Cu) (tedit 0) (tstamp 6036F0AB)
    (at 64.77 114.55 270)
    (path /60214C77/5E8ABD9A)
    (attr smd)
    (fp_text reference C7 (at 0 0 270) (layer B.SilkS)
      (effects (font (size 1 1) (thickness 0.15)) (justify mirror))
    )
    (fp_text value 10uF (at 0 0 270) (layer B.Fab)
      (effects (font (size 1 1) (thickness 0.15)) (justify mirror))
    )
    (fp_line (start -2.54 1.143) (end -2.794 1.143) (layer B.SilkS) (width 0.15))
    (fp_line (start -2.794 1.143) (end -2.794 -1.143) (layer B.SilkS) (width 0.15))
    (fp_line (start -2.794 -1.143) (end -2.54 -1.143) (layer B.SilkS) (width 0.15))
    (fp_line (start -2.54 1.143) (end -2.54 -1.143) (layer B.SilkS) (width 0.15))
    (fp_line (start -2.54 -1.143) (end -0.889 -1.143) (layer B.SilkS) (width 0.15))
    (fp_line (start 0.889 1.143) (end 2.54 1.143) (layer B.SilkS) (width 0.15))
    (fp_line (start 2.54 1.143) (end 2.54 -1.143) (layer B.SilkS) (width 0.15))
    (fp_line (start 2.54 -1.143) (end 0.889 -1.143) (layer B.SilkS) (width 0.15))
    (fp_line (start -0.889 1.143) (end -2.54 1.143) (layer B.SilkS) (width 0.15))
    (pad 1 smd rect (at -1.651 0 270) (size 1.524 2.032) (layers B.Cu B.Paste B.Mask)
      (net 6 +3V3))
    (pad 2 smd rect (at 1.651 0 270) (size 1.524 2.032) (layers B.Cu B.Paste B.Mask)
      (net 3 GND))
    (model SMD_Packages.3dshapes/SMD-1206_Pol.wrl
      (at (xyz 0 0 0))
      (scale (xyz 0.17 0.16 0.16))
      (rotate (xyz 0 0 0))
    )
  )

  (module SMD_Packages:SMD-1206_Pol (layer B.Cu) (tedit 0) (tstamp 6036F0BA)
    (at 69.299 105.7 180)
    (path /60214C77/602D07A6)
    (attr smd)
    (fp_text reference C8 (at 0 0 180) (layer B.SilkS)
      (effects (font (size 1 1) (thickness 0.15)) (justify mirror))
    )
    (fp_text value 1uF (at 0 0 180) (layer B.Fab)
      (effects (font (size 1 1) (thickness 0.15)) (justify mirror))
    )
    (fp_line (start -0.889 1.143) (end -2.54 1.143) (layer B.SilkS) (width 0.15))
    (fp_line (start 2.54 -1.143) (end 0.889 -1.143) (layer B.SilkS) (width 0.15))
    (fp_line (start 2.54 1.143) (end 2.54 -1.143) (layer B.SilkS) (width 0.15))
    (fp_line (start 0.889 1.143) (end 2.54 1.143) (layer B.SilkS) (width 0.15))
    (fp_line (start -2.54 -1.143) (end -0.889 -1.143) (layer B.SilkS) (width 0.15))
    (fp_line (start -2.54 1.143) (end -2.54 -1.143) (layer B.SilkS) (width 0.15))
    (fp_line (start -2.794 -1.143) (end -2.54 -1.143) (layer B.SilkS) (width 0.15))
    (fp_line (start -2.794 1.143) (end -2.794 -1.143) (layer B.SilkS) (width 0.15))
    (fp_line (start -2.54 1.143) (end -2.794 1.143) (layer B.SilkS) (width 0.15))
    (pad 2 smd rect (at 1.651 0 180) (size 1.524 2.032) (layers B.Cu B.Paste B.Mask)
      (net 7 -10V))
    (pad 1 smd rect (at -1.651 0 180) (size 1.524 2.032) (layers B.Cu B.Paste B.Mask)
      (net 3 GND))
    (model SMD_Packages.3dshapes/SMD-1206_Pol.wrl
      (at (xyz 0 0 0))
      (scale (xyz 0.17 0.16 0.16))
      (rotate (xyz 0 0 0))
    )
  )

  (module Capacitors_SMD:C_0805 (layer B.Cu) (tedit 58AA8463) (tstamp 6036F0CB)
    (at 60.85 112.56 270)
    (descr "Capacitor SMD 0805, reflow soldering, AVX (see smccp.pdf)")
    (tags "capacitor 0805")
    (path /60214C77/5E8ABDA1)
    (attr smd)
    (fp_text reference C9 (at 0 1.5 270) (layer B.SilkS)
      (effects (font (size 1 1) (thickness 0.15)) (justify mirror))
    )
    (fp_text value 100nF (at 0 -1.75 270) (layer B.Fab)
      (effects (font (size 1 1) (thickness 0.15)) (justify mirror))
    )
    (fp_text user %R (at 0 1.5 270) (layer B.Fab)
      (effects (font (size 1 1) (thickness 0.15)) (justify mirror))
    )
    (fp_line (start -1 -0.62) (end -1 0.62) (layer B.Fab) (width 0.1))
    (fp_line (start 1 -0.62) (end -1 -0.62) (layer B.Fab) (width 0.1))
    (fp_line (start 1 0.62) (end 1 -0.62) (layer B.Fab) (width 0.1))
    (fp_line (start -1 0.62) (end 1 0.62) (layer B.Fab) (width 0.1))
    (fp_line (start 0.5 0.85) (end -0.5 0.85) (layer B.SilkS) (width 0.12))
    (fp_line (start -0.5 -0.85) (end 0.5 -0.85) (layer B.SilkS) (width 0.12))
    (fp_line (start -1.75 0.88) (end 1.75 0.88) (layer B.CrtYd) (width 0.05))
    (fp_line (start -1.75 0.88) (end -1.75 -0.87) (layer B.CrtYd) (width 0.05))
    (fp_line (start 1.75 -0.87) (end 1.75 0.88) (layer B.CrtYd) (width 0.05))
    (fp_line (start 1.75 -0.87) (end -1.75 -0.87) (layer B.CrtYd) (width 0.05))
    (pad 1 smd rect (at -1 0 270) (size 1 1.25) (layers B.Cu B.Paste B.Mask)
      (net 6 +3V3))
    (pad 2 smd rect (at 1 0 270) (size 1 1.25) (layers B.Cu B.Paste B.Mask)
      (net 3 GND))
    (model Capacitors_SMD.3dshapes/C_0805.wrl
      (at (xyz 0 0 0))
      (scale (xyz 1 1 1))
      (rotate (xyz 0 0 0))
    )
  )

  (module Capacitors_SMD:C_0805 (layer B.Cu) (tedit 58AA8463) (tstamp 6036F0DC)
    (at 74.23 63.97 180)
    (descr "Capacitor SMD 0805, reflow soldering, AVX (see smccp.pdf)")
    (tags "capacitor 0805")
    (path /60217F7D/5F0632A4)
    (attr smd)
    (fp_text reference C10 (at 0 1.5 180) (layer B.SilkS)
      (effects (font (size 1 1) (thickness 0.15)) (justify mirror))
    )
    (fp_text value 100nF (at 0 -1.75 180) (layer B.Fab)
      (effects (font (size 1 1) (thickness 0.15)) (justify mirror))
    )
    (fp_text user %R (at 0 1.5 180) (layer B.Fab)
      (effects (font (size 1 1) (thickness 0.15)) (justify mirror))
    )
    (fp_line (start -1 -0.62) (end -1 0.62) (layer B.Fab) (width 0.1))
    (fp_line (start 1 -0.62) (end -1 -0.62) (layer B.Fab) (width 0.1))
    (fp_line (start 1 0.62) (end 1 -0.62) (layer B.Fab) (width 0.1))
    (fp_line (start -1 0.62) (end 1 0.62) (layer B.Fab) (width 0.1))
    (fp_line (start 0.5 0.85) (end -0.5 0.85) (layer B.SilkS) (width 0.12))
    (fp_line (start -0.5 -0.85) (end 0.5 -0.85) (layer B.SilkS) (width 0.12))
    (fp_line (start -1.75 0.88) (end 1.75 0.88) (layer B.CrtYd) (width 0.05))
    (fp_line (start -1.75 0.88) (end -1.75 -0.87) (layer B.CrtYd) (width 0.05))
    (fp_line (start 1.75 -0.87) (end 1.75 0.88) (layer B.CrtYd) (width 0.05))
    (fp_line (start 1.75 -0.87) (end -1.75 -0.87) (layer B.CrtYd) (width 0.05))
    (pad 1 smd rect (at -1 0 180) (size 1 1.25) (layers B.Cu B.Paste B.Mask)
      (net 4 +3.3VA))
    (pad 2 smd rect (at 1 0 180) (size 1 1.25) (layers B.Cu B.Paste B.Mask)
      (net 3 GND))
    (model Capacitors_SMD.3dshapes/C_0805.wrl
      (at (xyz 0 0 0))
      (scale (xyz 1 1 1))
      (rotate (xyz 0 0 0))
    )
  )

  (module Capacitors_SMD:C_0805 (layer B.Cu) (tedit 58AA8463) (tstamp 6036F0ED)
    (at 74.66 84.79 180)
    (descr "Capacitor SMD 0805, reflow soldering, AVX (see smccp.pdf)")
    (tags "capacitor 0805")
    (path /60217F7D/5F062E38)
    (attr smd)
    (fp_text reference C11 (at 0 1.5 180) (layer B.SilkS)
      (effects (font (size 1 1) (thickness 0.15)) (justify mirror))
    )
    (fp_text value 100nF (at 0 -1.75 180) (layer B.Fab)
      (effects (font (size 1 1) (thickness 0.15)) (justify mirror))
    )
    (fp_line (start 1.75 -0.87) (end -1.75 -0.87) (layer B.CrtYd) (width 0.05))
    (fp_line (start 1.75 -0.87) (end 1.75 0.88) (layer B.CrtYd) (width 0.05))
    (fp_line (start -1.75 0.88) (end -1.75 -0.87) (layer B.CrtYd) (width 0.05))
    (fp_line (start -1.75 0.88) (end 1.75 0.88) (layer B.CrtYd) (width 0.05))
    (fp_line (start -0.5 -0.85) (end 0.5 -0.85) (layer B.SilkS) (width 0.12))
    (fp_line (start 0.5 0.85) (end -0.5 0.85) (layer B.SilkS) (width 0.12))
    (fp_line (start -1 0.62) (end 1 0.62) (layer B.Fab) (width 0.1))
    (fp_line (start 1 0.62) (end 1 -0.62) (layer B.Fab) (width 0.1))
    (fp_line (start 1 -0.62) (end -1 -0.62) (layer B.Fab) (width 0.1))
    (fp_line (start -1 -0.62) (end -1 0.62) (layer B.Fab) (width 0.1))
    (fp_text user %R (at 0 1.5 180) (layer B.Fab)
      (effects (font (size 1 1) (thickness 0.15)) (justify mirror))
    )
    (pad 2 smd rect (at 1 0 180) (size 1 1.25) (layers B.Cu B.Paste B.Mask)
      (net 3 GND))
    (pad 1 smd rect (at -1 0 180) (size 1 1.25) (layers B.Cu B.Paste B.Mask)
      (net 6 +3V3))
    (model Capacitors_SMD.3dshapes/C_0805.wrl
      (at (xyz 0 0 0))
      (scale (xyz 1 1 1))
      (rotate (xyz 0 0 0))
    )
  )

  (module Capacitors_SMD:C_0805 (layer B.Cu) (tedit 58AA8463) (tstamp 6036F0FE)
    (at 74.36 78.09 180)
    (descr "Capacitor SMD 0805, reflow soldering, AVX (see smccp.pdf)")
    (tags "capacitor 0805")
    (path /60217F7D/5F062F30)
    (attr smd)
    (fp_text reference C12 (at 0 1.5 180) (layer B.SilkS)
      (effects (font (size 1 1) (thickness 0.15)) (justify mirror))
    )
    (fp_text value 100nF (at 0 -1.75 180) (layer B.Fab)
      (effects (font (size 1 1) (thickness 0.15)) (justify mirror))
    )
    (fp_text user %R (at 0 1.5 180) (layer B.Fab)
      (effects (font (size 1 1) (thickness 0.15)) (justify mirror))
    )
    (fp_line (start -1 -0.62) (end -1 0.62) (layer B.Fab) (width 0.1))
    (fp_line (start 1 -0.62) (end -1 -0.62) (layer B.Fab) (width 0.1))
    (fp_line (start 1 0.62) (end 1 -0.62) (layer B.Fab) (width 0.1))
    (fp_line (start -1 0.62) (end 1 0.62) (layer B.Fab) (width 0.1))
    (fp_line (start 0.5 0.85) (end -0.5 0.85) (layer B.SilkS) (width 0.12))
    (fp_line (start -0.5 -0.85) (end 0.5 -0.85) (layer B.SilkS) (width 0.12))
    (fp_line (start -1.75 0.88) (end 1.75 0.88) (layer B.CrtYd) (width 0.05))
    (fp_line (start -1.75 0.88) (end -1.75 -0.87) (layer B.CrtYd) (width 0.05))
    (fp_line (start 1.75 -0.87) (end 1.75 0.88) (layer B.CrtYd) (width 0.05))
    (fp_line (start 1.75 -0.87) (end -1.75 -0.87) (layer B.CrtYd) (width 0.05))
    (pad 1 smd rect (at -1 0 180) (size 1 1.25) (layers B.Cu B.Paste B.Mask)
      (net 6 +3V3))
    (pad 2 smd rect (at 1 0 180) (size 1 1.25) (layers B.Cu B.Paste B.Mask)
      (net 3 GND))
    (model Capacitors_SMD.3dshapes/C_0805.wrl
      (at (xyz 0 0 0))
      (scale (xyz 1 1 1))
      (rotate (xyz 0 0 0))
    )
  )

  (module Capacitors_SMD:C_0805 (layer B.Cu) (tedit 58AA8463) (tstamp 6036F10F)
    (at 104.69 73.85)
    (descr "Capacitor SMD 0805, reflow soldering, AVX (see smccp.pdf)")
    (tags "capacitor 0805")
    (path /60217F7D/602685B0)
    (attr smd)
    (fp_text reference C13 (at 0 1.5) (layer B.SilkS)
      (effects (font (size 1 1) (thickness 0.15)) (justify mirror))
    )
    (fp_text value 100nF (at 0 -1.75) (layer B.Fab)
      (effects (font (size 1 1) (thickness 0.15)) (justify mirror))
    )
    (fp_line (start 1.75 -0.87) (end -1.75 -0.87) (layer B.CrtYd) (width 0.05))
    (fp_line (start 1.75 -0.87) (end 1.75 0.88) (layer B.CrtYd) (width 0.05))
    (fp_line (start -1.75 0.88) (end -1.75 -0.87) (layer B.CrtYd) (width 0.05))
    (fp_line (start -1.75 0.88) (end 1.75 0.88) (layer B.CrtYd) (width 0.05))
    (fp_line (start -0.5 -0.85) (end 0.5 -0.85) (layer B.SilkS) (width 0.12))
    (fp_line (start 0.5 0.85) (end -0.5 0.85) (layer B.SilkS) (width 0.12))
    (fp_line (start -1 0.62) (end 1 0.62) (layer B.Fab) (width 0.1))
    (fp_line (start 1 0.62) (end 1 -0.62) (layer B.Fab) (width 0.1))
    (fp_line (start 1 -0.62) (end -1 -0.62) (layer B.Fab) (width 0.1))
    (fp_line (start -1 -0.62) (end -1 0.62) (layer B.Fab) (width 0.1))
    (fp_text user %R (at 0 1.5) (layer B.Fab)
      (effects (font (size 1 1) (thickness 0.15)) (justify mirror))
    )
    (pad 2 smd rect (at 1 0) (size 1 1.25) (layers B.Cu B.Paste B.Mask)
      (net 3 GND))
    (pad 1 smd rect (at -1 0) (size 1 1.25) (layers B.Cu B.Paste B.Mask)
      (net 6 +3V3))
    (model Capacitors_SMD.3dshapes/C_0805.wrl
      (at (xyz 0 0 0))
      (scale (xyz 1 1 1))
      (rotate (xyz 0 0 0))
    )
  )

  (module Capacitors_SMD:C_0805 (layer B.Cu) (tedit 58AA8463) (tstamp 6036F120)
    (at 74.32 72.87 180)
    (descr "Capacitor SMD 0805, reflow soldering, AVX (see smccp.pdf)")
    (tags "capacitor 0805")
    (path /60217F7D/5F062FE8)
    (attr smd)
    (fp_text reference C14 (at 0 1.5 180) (layer B.SilkS)
      (effects (font (size 1 1) (thickness 0.15)) (justify mirror))
    )
    (fp_text value 100nF (at 0 -1.75 180) (layer B.Fab)
      (effects (font (size 1 1) (thickness 0.15)) (justify mirror))
    )
    (fp_text user %R (at 0 1.5 180) (layer B.Fab)
      (effects (font (size 1 1) (thickness 0.15)) (justify mirror))
    )
    (fp_line (start -1 -0.62) (end -1 0.62) (layer B.Fab) (width 0.1))
    (fp_line (start 1 -0.62) (end -1 -0.62) (layer B.Fab) (width 0.1))
    (fp_line (start 1 0.62) (end 1 -0.62) (layer B.Fab) (width 0.1))
    (fp_line (start -1 0.62) (end 1 0.62) (layer B.Fab) (width 0.1))
    (fp_line (start 0.5 0.85) (end -0.5 0.85) (layer B.SilkS) (width 0.12))
    (fp_line (start -0.5 -0.85) (end 0.5 -0.85) (layer B.SilkS) (width 0.12))
    (fp_line (start -1.75 0.88) (end 1.75 0.88) (layer B.CrtYd) (width 0.05))
    (fp_line (start -1.75 0.88) (end -1.75 -0.87) (layer B.CrtYd) (width 0.05))
    (fp_line (start 1.75 -0.87) (end 1.75 0.88) (layer B.CrtYd) (width 0.05))
    (fp_line (start 1.75 -0.87) (end -1.75 -0.87) (layer B.CrtYd) (width 0.05))
    (pad 1 smd rect (at -1 0 180) (size 1 1.25) (layers B.Cu B.Paste B.Mask)
      (net 6 +3V3))
    (pad 2 smd rect (at 1 0 180) (size 1 1.25) (layers B.Cu B.Paste B.Mask)
      (net 3 GND))
    (model Capacitors_SMD.3dshapes/C_0805.wrl
      (at (xyz 0 0 0))
      (scale (xyz 1 1 1))
      (rotate (xyz 0 0 0))
    )
  )

  (module SMD_Packages:SMD-1206_Pol (layer B.Cu) (tedit 0) (tstamp 6036F12F)
    (at 73.76 70 180)
    (path /60217F7D/602B3BD6)
    (attr smd)
    (fp_text reference C15 (at 0 0 180) (layer B.SilkS)
      (effects (font (size 1 1) (thickness 0.15)) (justify mirror))
    )
    (fp_text value 1uF (at 0 0 180) (layer B.Fab)
      (effects (font (size 1 1) (thickness 0.15)) (justify mirror))
    )
    (fp_line (start -0.889 1.143) (end -2.54 1.143) (layer B.SilkS) (width 0.15))
    (fp_line (start 2.54 -1.143) (end 0.889 -1.143) (layer B.SilkS) (width 0.15))
    (fp_line (start 2.54 1.143) (end 2.54 -1.143) (layer B.SilkS) (width 0.15))
    (fp_line (start 0.889 1.143) (end 2.54 1.143) (layer B.SilkS) (width 0.15))
    (fp_line (start -2.54 -1.143) (end -0.889 -1.143) (layer B.SilkS) (width 0.15))
    (fp_line (start -2.54 1.143) (end -2.54 -1.143) (layer B.SilkS) (width 0.15))
    (fp_line (start -2.794 -1.143) (end -2.54 -1.143) (layer B.SilkS) (width 0.15))
    (fp_line (start -2.794 1.143) (end -2.794 -1.143) (layer B.SilkS) (width 0.15))
    (fp_line (start -2.54 1.143) (end -2.794 1.143) (layer B.SilkS) (width 0.15))
    (pad 2 smd rect (at 1.651 0 180) (size 1.524 2.032) (layers B.Cu B.Paste B.Mask)
      (net 3 GND))
    (pad 1 smd rect (at -1.651 0 180) (size 1.524 2.032) (layers B.Cu B.Paste B.Mask)
      (net 4 +3.3VA))
    (model SMD_Packages.3dshapes/SMD-1206_Pol.wrl
      (at (xyz 0 0 0))
      (scale (xyz 0.17 0.16 0.16))
      (rotate (xyz 0 0 0))
    )
  )

  (module Capacitors_SMD:C_0805 (layer B.Cu) (tedit 58AA8463) (tstamp 6036F140)
    (at 105.14 89.64)
    (descr "Capacitor SMD 0805, reflow soldering, AVX (see smccp.pdf)")
    (tags "capacitor 0805")
    (path /60217F7D/602685B7)
    (attr smd)
    (fp_text reference C16 (at 0 1.5) (layer B.SilkS)
      (effects (font (size 1 1) (thickness 0.15)) (justify mirror))
    )
    (fp_text value 100nF (at 0 -1.75) (layer B.Fab)
      (effects (font (size 1 1) (thickness 0.15)) (justify mirror))
    )
    (fp_text user %R (at 0 1.5) (layer B.Fab)
      (effects (font (size 1 1) (thickness 0.15)) (justify mirror))
    )
    (fp_line (start -1 -0.62) (end -1 0.62) (layer B.Fab) (width 0.1))
    (fp_line (start 1 -0.62) (end -1 -0.62) (layer B.Fab) (width 0.1))
    (fp_line (start 1 0.62) (end 1 -0.62) (layer B.Fab) (width 0.1))
    (fp_line (start -1 0.62) (end 1 0.62) (layer B.Fab) (width 0.1))
    (fp_line (start 0.5 0.85) (end -0.5 0.85) (layer B.SilkS) (width 0.12))
    (fp_line (start -0.5 -0.85) (end 0.5 -0.85) (layer B.SilkS) (width 0.12))
    (fp_line (start -1.75 0.88) (end 1.75 0.88) (layer B.CrtYd) (width 0.05))
    (fp_line (start -1.75 0.88) (end -1.75 -0.87) (layer B.CrtYd) (width 0.05))
    (fp_line (start 1.75 -0.87) (end 1.75 0.88) (layer B.CrtYd) (width 0.05))
    (fp_line (start 1.75 -0.87) (end -1.75 -0.87) (layer B.CrtYd) (width 0.05))
    (pad 1 smd rect (at -1 0) (size 1 1.25) (layers B.Cu B.Paste B.Mask)
      (net 6 +3V3))
    (pad 2 smd rect (at 1 0) (size 1 1.25) (layers B.Cu B.Paste B.Mask)
      (net 3 GND))
    (model Capacitors_SMD.3dshapes/C_0805.wrl
      (at (xyz 0 0 0))
      (scale (xyz 1 1 1))
      (rotate (xyz 0 0 0))
    )
  )

  (module Capacitors_SMD:C_0805 (layer B.Cu) (tedit 58AA8463) (tstamp 6036F151)
    (at 82.42 64.06)
    (descr "Capacitor SMD 0805, reflow soldering, AVX (see smccp.pdf)")
    (tags "capacitor 0805")
    (path /60217F7D/5F063158)
    (attr smd)
    (fp_text reference C17 (at 0 1.5) (layer B.SilkS)
      (effects (font (size 1 1) (thickness 0.15)) (justify mirror))
    )
    (fp_text value 100nF (at 0 -1.75) (layer B.Fab)
      (effects (font (size 1 1) (thickness 0.15)) (justify mirror))
    )
    (fp_text user %R (at 0 1.5) (layer B.Fab)
      (effects (font (size 1 1) (thickness 0.15)) (justify mirror))
    )
    (fp_line (start -1 -0.62) (end -1 0.62) (layer B.Fab) (width 0.1))
    (fp_line (start 1 -0.62) (end -1 -0.62) (layer B.Fab) (width 0.1))
    (fp_line (start 1 0.62) (end 1 -0.62) (layer B.Fab) (width 0.1))
    (fp_line (start -1 0.62) (end 1 0.62) (layer B.Fab) (width 0.1))
    (fp_line (start 0.5 0.85) (end -0.5 0.85) (layer B.SilkS) (width 0.12))
    (fp_line (start -0.5 -0.85) (end 0.5 -0.85) (layer B.SilkS) (width 0.12))
    (fp_line (start -1.75 0.88) (end 1.75 0.88) (layer B.CrtYd) (width 0.05))
    (fp_line (start -1.75 0.88) (end -1.75 -0.87) (layer B.CrtYd) (width 0.05))
    (fp_line (start 1.75 -0.87) (end 1.75 0.88) (layer B.CrtYd) (width 0.05))
    (fp_line (start 1.75 -0.87) (end -1.75 -0.87) (layer B.CrtYd) (width 0.05))
    (pad 1 smd rect (at -1 0) (size 1 1.25) (layers B.Cu B.Paste B.Mask)
      (net 6 +3V3))
    (pad 2 smd rect (at 1 0) (size 1 1.25) (layers B.Cu B.Paste B.Mask)
      (net 3 GND))
    (model Capacitors_SMD.3dshapes/C_0805.wrl
      (at (xyz 0 0 0))
      (scale (xyz 1 1 1))
      (rotate (xyz 0 0 0))
    )
  )

  (module Capacitors_SMD:C_0805 (layer B.Cu) (tedit 58AA8463) (tstamp 6036F162)
    (at 74.23 65.92 180)
    (descr "Capacitor SMD 0805, reflow soldering, AVX (see smccp.pdf)")
    (tags "capacitor 0805")
    (path /60217F7D/602B8859)
    (attr smd)
    (fp_text reference C18 (at 0 1.5 180) (layer B.SilkS)
      (effects (font (size 1 1) (thickness 0.15)) (justify mirror))
    )
    (fp_text value 100nF (at 0 -1.75 180) (layer B.Fab)
      (effects (font (size 1 1) (thickness 0.15)) (justify mirror))
    )
    (fp_line (start 1.75 -0.87) (end -1.75 -0.87) (layer B.CrtYd) (width 0.05))
    (fp_line (start 1.75 -0.87) (end 1.75 0.88) (layer B.CrtYd) (width 0.05))
    (fp_line (start -1.75 0.88) (end -1.75 -0.87) (layer B.CrtYd) (width 0.05))
    (fp_line (start -1.75 0.88) (end 1.75 0.88) (layer B.CrtYd) (width 0.05))
    (fp_line (start -0.5 -0.85) (end 0.5 -0.85) (layer B.SilkS) (width 0.12))
    (fp_line (start 0.5 0.85) (end -0.5 0.85) (layer B.SilkS) (width 0.12))
    (fp_line (start -1 0.62) (end 1 0.62) (layer B.Fab) (width 0.1))
    (fp_line (start 1 0.62) (end 1 -0.62) (layer B.Fab) (width 0.1))
    (fp_line (start 1 -0.62) (end -1 -0.62) (layer B.Fab) (width 0.1))
    (fp_line (start -1 -0.62) (end -1 0.62) (layer B.Fab) (width 0.1))
    (fp_text user %R (at 0 1.5 180) (layer B.Fab)
      (effects (font (size 1 1) (thickness 0.15)) (justify mirror))
    )
    (pad 2 smd rect (at 1 0 180) (size 1 1.25) (layers B.Cu B.Paste B.Mask)
      (net 3 GND))
    (pad 1 smd rect (at -1 0 180) (size 1 1.25) (layers B.Cu B.Paste B.Mask)
      (net 4 +3.3VA))
    (model Capacitors_SMD.3dshapes/C_0805.wrl
      (at (xyz 0 0 0))
      (scale (xyz 1 1 1))
      (rotate (xyz 0 0 0))
    )
  )

  (module Capacitors_SMD:C_0805 (layer B.Cu) (tedit 58AA8463) (tstamp 6036F173)
    (at 92.79 91.44)
    (descr "Capacitor SMD 0805, reflow soldering, AVX (see smccp.pdf)")
    (tags "capacitor 0805")
    (path /60217F7D/602685BE)
    (attr smd)
    (fp_text reference C19 (at 0 1.5) (layer B.SilkS)
      (effects (font (size 1 1) (thickness 0.15)) (justify mirror))
    )
    (fp_text value 100nF (at 0 -1.75) (layer B.Fab)
      (effects (font (size 1 1) (thickness 0.15)) (justify mirror))
    )
    (fp_line (start 1.75 -0.87) (end -1.75 -0.87) (layer B.CrtYd) (width 0.05))
    (fp_line (start 1.75 -0.87) (end 1.75 0.88) (layer B.CrtYd) (width 0.05))
    (fp_line (start -1.75 0.88) (end -1.75 -0.87) (layer B.CrtYd) (width 0.05))
    (fp_line (start -1.75 0.88) (end 1.75 0.88) (layer B.CrtYd) (width 0.05))
    (fp_line (start -0.5 -0.85) (end 0.5 -0.85) (layer B.SilkS) (width 0.12))
    (fp_line (start 0.5 0.85) (end -0.5 0.85) (layer B.SilkS) (width 0.12))
    (fp_line (start -1 0.62) (end 1 0.62) (layer B.Fab) (width 0.1))
    (fp_line (start 1 0.62) (end 1 -0.62) (layer B.Fab) (width 0.1))
    (fp_line (start 1 -0.62) (end -1 -0.62) (layer B.Fab) (width 0.1))
    (fp_line (start -1 -0.62) (end -1 0.62) (layer B.Fab) (width 0.1))
    (fp_text user %R (at 0 1.5) (layer B.Fab)
      (effects (font (size 1 1) (thickness 0.15)) (justify mirror))
    )
    (pad 2 smd rect (at 1 0) (size 1 1.25) (layers B.Cu B.Paste B.Mask)
      (net 3 GND))
    (pad 1 smd rect (at -1 0) (size 1 1.25) (layers B.Cu B.Paste B.Mask)
      (net 6 +3V3))
    (model Capacitors_SMD.3dshapes/C_0805.wrl
      (at (xyz 0 0 0))
      (scale (xyz 1 1 1))
      (rotate (xyz 0 0 0))
    )
  )

  (module Capacitors_SMD:C_0805 (layer B.Cu) (tedit 58AA8463) (tstamp 6036F184)
    (at 88.12 63.48 180)
    (descr "Capacitor SMD 0805, reflow soldering, AVX (see smccp.pdf)")
    (tags "capacitor 0805")
    (path /60217F7D/5F0631CA)
    (attr smd)
    (fp_text reference C20 (at 0 1.5 180) (layer B.SilkS)
      (effects (font (size 1 1) (thickness 0.15)) (justify mirror))
    )
    (fp_text value 100nF (at 0 -1.75 180) (layer B.Fab)
      (effects (font (size 1 1) (thickness 0.15)) (justify mirror))
    )
    (fp_line (start 1.75 -0.87) (end -1.75 -0.87) (layer B.CrtYd) (width 0.05))
    (fp_line (start 1.75 -0.87) (end 1.75 0.88) (layer B.CrtYd) (width 0.05))
    (fp_line (start -1.75 0.88) (end -1.75 -0.87) (layer B.CrtYd) (width 0.05))
    (fp_line (start -1.75 0.88) (end 1.75 0.88) (layer B.CrtYd) (width 0.05))
    (fp_line (start -0.5 -0.85) (end 0.5 -0.85) (layer B.SilkS) (width 0.12))
    (fp_line (start 0.5 0.85) (end -0.5 0.85) (layer B.SilkS) (width 0.12))
    (fp_line (start -1 0.62) (end 1 0.62) (layer B.Fab) (width 0.1))
    (fp_line (start 1 0.62) (end 1 -0.62) (layer B.Fab) (width 0.1))
    (fp_line (start 1 -0.62) (end -1 -0.62) (layer B.Fab) (width 0.1))
    (fp_line (start -1 -0.62) (end -1 0.62) (layer B.Fab) (width 0.1))
    (fp_text user %R (at 0 1.5 180) (layer B.Fab)
      (effects (font (size 1 1) (thickness 0.15)) (justify mirror))
    )
    (pad 2 smd rect (at 1 0 180) (size 1 1.25) (layers B.Cu B.Paste B.Mask)
      (net 3 GND))
    (pad 1 smd rect (at -1 0 180) (size 1 1.25) (layers B.Cu B.Paste B.Mask)
      (net 6 +3V3))
    (model Capacitors_SMD.3dshapes/C_0805.wrl
      (at (xyz 0 0 0))
      (scale (xyz 1 1 1))
      (rotate (xyz 0 0 0))
    )
  )

  (module Capacitors_SMD:C_0805 (layer B.Cu) (tedit 58AA8463) (tstamp 6036F195)
    (at 88.13 91.53)
    (descr "Capacitor SMD 0805, reflow soldering, AVX (see smccp.pdf)")
    (tags "capacitor 0805")
    (path /60217F7D/602685C5)
    (attr smd)
    (fp_text reference C21 (at 0 1.5) (layer B.SilkS)
      (effects (font (size 1 1) (thickness 0.15)) (justify mirror))
    )
    (fp_text value 100nF (at 0 -1.75) (layer B.Fab)
      (effects (font (size 1 1) (thickness 0.15)) (justify mirror))
    )
    (fp_line (start 1.75 -0.87) (end -1.75 -0.87) (layer B.CrtYd) (width 0.05))
    (fp_line (start 1.75 -0.87) (end 1.75 0.88) (layer B.CrtYd) (width 0.05))
    (fp_line (start -1.75 0.88) (end -1.75 -0.87) (layer B.CrtYd) (width 0.05))
    (fp_line (start -1.75 0.88) (end 1.75 0.88) (layer B.CrtYd) (width 0.05))
    (fp_line (start -0.5 -0.85) (end 0.5 -0.85) (layer B.SilkS) (width 0.12))
    (fp_line (start 0.5 0.85) (end -0.5 0.85) (layer B.SilkS) (width 0.12))
    (fp_line (start -1 0.62) (end 1 0.62) (layer B.Fab) (width 0.1))
